C=[2 0 1 4 7; 3 9 8 5 6; 1 5 0 4 3]
y=C(3,2)
y=C(6)
x=C(3,1)
C(2,3)=7
C(3,1:5)
D=C(:,2:3)
C(3,:)=[]