x=1:4
y=-1:0.2:1
A=[1:10; 1:2:20]