x=1; y=2; z=3
x=1, y=2, z=3
help nazwa_funkcji
help sqrt
A=[0 2 -10; 7 6 1]
A=[0 2 -10
7 6 1]
B=[1 0 -2 3]
C=[3; 2; 5]
D=[2 -1; 3 0]+i*[3 1.5; -7 2]