D(:,:,1)=[1 3 0; 5 7 2]
D(:,:,2)=[4 7 8; 1 0 5]
D(1,2,2)