x=[1 4], A=[4 1; 7 2]
A*x'